#Step Temp KinEng PotEng 
       0         1.44    2.1589453            0 
       1    1.4399848    2.1589225            0 
       2    1.4399377     2.158852            0 
       3     1.439859    2.1587338            0 
       4    1.4397484    2.1585681            0 
       5    1.4396061    2.1583548            0 
       6    1.4394321    2.1580939            0 
       7    1.4392264    2.1577854            0 
       8    1.4372571    2.1548329 0.0015965639 
       9    1.4294798    2.1431727  0.012700441 
      10    1.4106554    2.1149499  0.040675215 
      11    1.3756431    2.0624572  0.091930214 
      12    1.3225428    1.9828456   0.17035971 
      13    1.2550787    1.8816988   0.27104159 
      14    1.1811817    1.7709074    0.3811877 
      15    1.1118743    1.6669971   0.48528257 
      16    1.0573205    1.5852063   0.56759317 
      17    1.0232684    1.5341531   0.61839659 
      18    1.0118944    1.5171005   0.63436923 
      19    1.0225666     1.533101   0.61749579 
      20    1.0484924    1.5719707   0.57703332 
      21    1.0798002    1.6189094   0.52875378 
      22    1.1094074    1.6632985   0.48466943 
      23     1.132361    1.6977121   0.44895045 
      24    1.1461525    1.7183893   0.42848803 
      25    1.1508653     1.725455   0.42037405 
      26    1.1485834    1.7220339   0.42382748 
      27     1.142399    1.7127618   0.43331443 
      28    1.1350396    1.7017281   0.44400357 
      29    1.1282713    1.6915805   0.45357491 
      30    1.1221541    1.6824093   0.46277329 
      31    1.1161997     1.673482   0.47117674 
      32    1.1108992    1.6655351   0.47831867 
      33    1.1072207    1.6600201   0.48337554 
      34    1.1060346    1.6582418    0.4845763 
      35    1.1077993    1.6608876   0.48129762 
      36    1.1129689    1.6686381   0.47272351 
      37    1.1209431    1.6805937   0.46017531 
      38    1.1303724    1.6947308   0.44507647 
      39    1.1393286    1.7081584   0.43150864 
      40    1.1456871    1.7176915   0.42091818 
      41    1.1487425    1.7222724   0.41645486 
      42    1.1484336    1.7218092   0.41680752 
      43    1.1461632    1.7184053   0.42078323 
      44    1.1431203    1.7138432   0.42508779 
      45    1.1410565     1.710749   0.42828241 
      46    1.1415139    1.7114348   0.42660405 
      47    1.1441396    1.7153714    0.4223629 
      48     1.147501     1.720411   0.41660187 
      49    1.1499574    1.7240939   0.41290783 
      50    1.1502257    1.7244961   0.41234277 
      51    1.1477812    1.7208311   0.41584896 
      52    1.1429505    1.7135886   0.42225893 
      53    1.1365072    1.7039284   0.43151222 
      54    1.1302769    1.6945876   0.44044617 
      55     1.125655    1.6876581   0.44735785 
      56    1.1232752    1.6840901   0.45043584 
      57    1.1242465    1.6855464   0.44956807 
      58    1.1284415    1.6918357   0.44188189 
      59    1.1343454    1.7006873   0.43216258 
      60    1.1405331    1.7099642   0.42216331 
      61    1.1445223    1.7159451   0.41510299 
      62    1.1446878    1.7161933   0.41401622 
      63    1.1409727    1.7106233   0.41905863 
      64     1.134426    1.7008081   0.42857935 
      65    1.1269316    1.6895721   0.43998132 
      66    1.1205979    1.6800761   0.44969954 
      67     1.117507     1.675442   0.45272623 
      68    1.1179183    1.6760587   0.45116892 
      69    1.1213135     1.681149   0.44551482 
      70    1.1266908     1.689211   0.43533157 
      71    1.1321049    1.6973281   0.42632576 
      72    1.1363062    1.7036271   0.41941569 
      73    1.1381339    1.7063673    0.4155959 
      74    1.1367257     1.704256   0.41707298 
      75     1.132927    1.6985607   0.42198102 
      76    1.1276069    1.6905845   0.42994795 
      77    1.1215325    1.6814773   0.43855727 
      78    1.1161868    1.6734626   0.44637395 
      79    1.1128657    1.6684835    0.4504804 
      80    1.1126504    1.6681607   0.44927943 
      81    1.1153677    1.6722346   0.44443356 
      82    1.1193723    1.6782387   0.43741568 
      83    1.1243154    1.6856496    0.4294385 
      84    1.1287673    1.6923241   0.42199211 
      85    1.1311316    1.6958689   0.41804163 
      86    1.1309552    1.6956045   0.41651089 
      87    1.1288055    1.6923815   0.41838213 
      88    1.1248288    1.6864194   0.42332277 
      89    1.1198373    1.6789357   0.42970853 
      90    1.1147015    1.6712358    0.4365478 
      91    1.1096731    1.6636969   0.44380247 
      92    1.1045166    1.6559659   0.45047844 
      93    1.1010773    1.6508095   0.45422289 
      94    1.1008813    1.6505156   0.45336415 
      95    1.1035529     1.654521   0.44821349 
      96    1.1073038    1.6601447   0.44067224 
      97     1.111176    1.6659502   0.43338669 
      98    1.1147366    1.6712884   0.42722408 
      99    1.1151681    1.6719353   0.42678142 
     100    1.1114163    1.6663104   0.43059789 
     101    1.1047261      1.65628   0.43928706 
     102    1.0962492    1.6435709   0.44964497 
     103    1.0884556    1.6318862   0.46072354 
     104    1.0837835    1.6248815   0.46689504 
     105    1.0830517    1.6237843   0.46644078 
     106    1.0857797    1.6278743   0.46105152 
     107    1.0916603     1.636691   0.45060838 
     108    1.0988556    1.6474786   0.43761966 
     109    1.1052336    1.6570409   0.42703086 
     110    1.1092006    1.6629885   0.41956464 
     111    1.1098834    1.6640122   0.41712107 
     112    1.1074721    1.6603971   0.42035617 
     113    1.1037981    1.6548888   0.42448254 
     114    1.1000232    1.6492292   0.42870685 
     115     1.096916    1.6445705   0.43152885 
     116    1.0952933    1.6421378   0.43341655 
     117    1.0950168    1.6417232   0.43218328 
     118    1.0960533    1.6432772   0.42968271 
     119    1.0978707    1.6460019    0.4264135 
     120    1.0996074    1.6486057    0.4221419 
     121    1.1013994    1.6512925   0.41760329 
     122     1.102607    1.6531029   0.41524569 
     123    1.1018387     1.651951   0.41553381 
     124    1.0995313    1.6484917    0.4177656 
     125    1.0966335    1.6441471   0.42145731 
     126    1.0934934    1.6394392   0.42468386 
     127    1.0913546    1.6362326   0.42695517 
     128    1.0898378    1.6339585   0.42872726 
     129    1.0887393    1.6323115   0.43000724 
     130    1.0889704    1.6326581    0.4280708 
     131     1.089168    1.6329543   0.42648774 
     132    1.0889634    1.6326476   0.42489685 
     133    1.0874999    1.6304534   0.42503952 
     134    1.0844823    1.6259292   0.42777912 
     135    1.0808249    1.6204457   0.43281022 
     136    1.0781535    1.6164405   0.43575073 
     137    1.0766685    1.6142142   0.43621732 
     138      1.07648    1.6139316   0.43460777 
     139    1.0775929    1.6156001   0.43109032 
     140    1.0802684    1.6196114    0.4264363 
     141     1.084417    1.6258312   0.41889877 
     142    1.0874355    1.6303568   0.41284482 
     143    1.0880674    1.6313042   0.41071111 
     144    1.0864712    1.6289111   0.41166996 
     145    1.0836814    1.6247284    0.4138283 
     146    1.0805978    1.6201052    0.4159382 
     147    1.0783658    1.6167589   0.41719288 
     148    1.0774824    1.6154344   0.41691092 
     149    1.0768866    1.6145412   0.41650125 
     150    1.0756233    1.6126471   0.41652529 
     151    1.0739035    1.6100687   0.41757281 
     152    1.0729766     1.608679   0.41690777 
     153    1.0727201    1.6082945   0.41676178 
     154    1.0715908    1.6066013   0.41714725 
     155     1.067969    1.6011713   0.42160235 
     156    1.0621319    1.5924199   0.42898768 
     157     1.056397    1.5838217   0.43676852 
     158    1.0522821    1.5776525   0.44172386 
     159    1.0509589    1.5756686   0.44260558 
     160    1.0521923    1.5775178   0.43899127 
     161    1.0554547    1.5824091   0.43228365 
     162     1.060574    1.5900842   0.42390507 
     163     1.065593     1.597609   0.41412643 
     164    1.0687973    1.6024131   0.40819652 
     165    1.0684177     1.601844   0.40775745 
     166    1.0657007    1.5977706   0.41046779 
     167    1.0619872     1.592203   0.41568608 
     168    1.0573979    1.5853224    0.4210376 
     169    1.0527869    1.5784092   0.42710075 
     170    1.0492974    1.5731776   0.43163791 
     171    1.0481937    1.5715228   0.43216471 
     172    1.0490462    1.5728009   0.42894799 
     173    1.0509408    1.5756415   0.42445783 
     174    1.0526148    1.5781512   0.42064291 
     175     1.052277    1.5776449   0.41958999 
     176    1.0504216    1.5748631   0.42019011 
     177    1.0483333    1.5717322   0.42150286 
     178    1.0470248    1.5697703   0.42198499 
     179    1.0458601    1.5680241   0.42169595 
     180    1.0440733    1.5653453   0.42300778 
     181    1.0425256    1.5630249    0.4242581 
     182    1.0411023     1.560891   0.42437086 
     183    1.0403823    1.5598115   0.42390479 
     184    1.0407233    1.5603228   0.42244615 
     185    1.0417283    1.5618294   0.41981209 
     186    1.0428231    1.5634709   0.41585864 
     187    1.0445776    1.5661014   0.41192328 
     188    1.0464262    1.5688728   0.40804589 
     189    1.0472741    1.5701441   0.40456989 
     190    1.0481261    1.5714215   0.40105718 
     191    1.0490616    1.5728241   0.39785344 
     192    1.0493117     1.573199   0.39579355 
     193    1.0500408    1.5742921   0.39368845 
     194    1.0515506    1.5765557   0.39035747 
     195    1.0519486    1.5771525   0.38842268 
     196    1.0513989    1.5763283   0.38919858 
     197    1.0506238    1.5751662   0.38794661 
     198    1.0487669    1.5723822   0.38961748 
     199    1.0442244    1.5655718   0.39456859 
     200    1.0380299    1.5562845   0.40237636 
     201    1.0305572    1.5450809    0.4118355 
     202    1.0220972    1.5323971   0.42301433 
     203    1.0146256    1.5211952   0.43193122 
     204    1.0095704    1.5136162   0.43764656 
     205    1.0084642    1.5119576   0.43734468 
     206    1.0106478    1.5152315   0.43330309 
     207    1.0144635    1.5209522   0.42630119 
     208    1.0191638    1.5279993   0.41745423 
     209    1.0243102    1.5357151   0.40800443 
     210    1.0284406    1.5419077   0.39993335 
     211    1.0302186    1.5445734   0.39590976 
     212     1.029973    1.5442052   0.39405861 
     213    1.0278778    1.5410639   0.39565308 
     214    1.0241804    1.5355205   0.39945134 
     215    1.0195677    1.5286048   0.40478399 
     216    1.0162847    1.5236827   0.40811384 
     217    1.0147166    1.5213317   0.40905947 
     218    1.0127683    1.5184107   0.41063664 
     219    1.0114225    1.5163929   0.41096358 
     220    1.0115771    1.5166248   0.40942283 
     221    1.0127753    1.5184212   0.40637508 
     222    1.0144823    1.5209804   0.40220531 
     223    1.0158759    1.5230698   0.39774507 
     224     1.017041    1.5248167   0.39443835 
     225    1.0176732    1.5257644   0.39143057 
     226    1.0171714    1.5250121   0.38972851 
     227    1.0166908    1.5242916   0.38982902 
     228    1.0154096    1.5223707   0.39023859 
     229    1.0134884    1.5194902   0.39177089 
     230    1.0126232    1.5181931   0.39123994 
     231    1.0116009    1.5166604   0.39140654 
     232    1.0110403    1.5158199    0.3900076 
     233    1.0107751    1.5154223   0.38867197 
     234     1.009864    1.5140564    0.3884721 
     235     1.007862    1.5110548   0.38959462 
     236    1.0048312    1.5065108   0.39189996 
     237    1.0018129    1.5019856    0.3936514 
     238    1.0000313    1.4993145   0.39459178 
     239    1.0002801    1.4996875    0.3929346 
     240    1.0014725    1.5014753   0.38995586 
     241    1.0032963    1.5042096    0.3851863 
     242     1.004166    1.5055135    0.3824753 
     243     1.001621    1.5016979   0.38561636 
     244   0.99709553     1.494913   0.39149771 
     245   0.99118987    1.4860588   0.39872117 
     246   0.98376849    1.4749322   0.40808535 
     247   0.97674269    1.4643986   0.41636203 
     248     0.971881    1.4571097   0.42286928 
     249   0.97049837    1.4550367   0.42334524 
     250   0.97096896    1.4557423    0.4202126 
     251   0.97182234    1.4570217   0.41696363 
     252    0.9725398    1.4580974   0.41391167 
     253    0.9726436     1.458253   0.41264818 
     254   0.97145699     1.456474   0.41178934 
     255   0.96986421     1.454086   0.41264887 
     256   0.96904577    1.4528589   0.41199476 
     257   0.96981659    1.4540146    0.4091453 
     258   0.97230409     1.457744   0.40388263 
     259   0.97564408    1.4627515   0.39678221 
     260   0.98040635    1.4698915   0.38777742 
     261   0.98547054     1.477484   0.37797756 
     262   0.98860454    1.4821827   0.37166162 
     263   0.98947087    1.4834816   0.36846745 
     264   0.98934602    1.4832944   0.36654841 
     265    0.9885538    1.4821067   0.36633482 
     266   0.98747305    1.4804863   0.36659049 
     267   0.98782754    1.4810178   0.36414756 
     268   0.98919624    1.4830699    0.3603536 
     269    0.9904381    1.4849317   0.35747333 
     270   0.99048124    1.4849964   0.35585693 
     271   0.98921766     1.483102   0.35611988 
     272   0.98643816    1.4789348   0.35871823 
     273   0.98258085    1.4731516   0.36350324 
     274   0.97842878    1.4669265   0.36874592 
     275   0.97412099     1.460468   0.37288912 
     276   0.97038593    1.4548682   0.37697616 
     277    0.9670323    1.4498402   0.37937913 
     278   0.96427431    1.4457052   0.38166277 
     279   0.96210871    1.4424584   0.38374512 
     280   0.96080645     1.440506   0.38433758 
     281   0.96117917    1.4410648   0.38229207 
     282   0.96343165    1.4444418   0.37719217 
     283   0.96718537    1.4500697   0.37025195 
     284    0.9725107    1.4580538   0.36038183 
     285   0.97840618    1.4668927   0.34979699 
     286   0.98320681    1.4740901   0.34125209 
     287   0.98679112    1.4794639   0.33346684 
     288    0.9870986    1.4799249   0.33231103 
     289   0.98446093    1.4759703   0.33403748 
     290    0.9802183    1.4696095   0.33927474 
     291   0.97467079    1.4612923   0.34592758 
     292    0.9690703    1.4528957   0.35315095 
     293   0.96429325    1.4457336   0.35805358 
     294   0.96125089    1.4411723     0.360344 
     295   0.96019671    1.4395918   0.36058761 
     296   0.96038928    1.4398805    0.3594479 
     297   0.96152019     1.441576   0.35667971 
     298   0.96293196    1.4436927   0.35321957 
     299   0.96428464    1.4457207   0.34958302 
     300   0.96572119    1.4478745   0.34713979 
     301    0.9656782      1.44781   0.34554082 
     302   0.96470271    1.4463475   0.34599393 
     303   0.96262998    1.4432399   0.34805405 
     304   0.95995832    1.4392344   0.35031697 
     305   0.95821116    1.4366149    0.3518956 
     306   0.95800149    1.4363006   0.35195922 
     307   0.95886177    1.4375904   0.34871572 
     308   0.95985207    1.4390751   0.34545179 
     309   0.96023313    1.4396464   0.34369427 
     310   0.95978165    1.4389695    0.3436533 
     311   0.95761513    1.4357213   0.34546386 
     312   0.95310798    1.4289639   0.35157791 
     313   0.94743195     1.420454   0.35911251 
     314   0.94286492    1.4136068    0.3652865 
     315    0.9389492    1.4077361   0.36983489 
     316   0.93513905    1.4020237   0.37452839 
     317   0.93238871    1.3979002   0.37798005 
     318   0.93222319     1.397652   0.37675266 
     319   0.93487366    1.4016258   0.37137678 
     320   0.93907405    1.4079233   0.36299022 
     321   0.94376302    1.4149533   0.35433983 
     322   0.94753063    1.4206019   0.34763675 
     323   0.94957727    1.4236704   0.34300287 
     324   0.94903524    1.4228578   0.34311829 
     325   0.94629954    1.4187562    0.3465532 
     326   0.94221976    1.4126395    0.3516753 
     327   0.93684621    1.4045831   0.35895943 
     328   0.93198161    1.3972898    0.3644585 
     329   0.93074888    1.3954416   0.36481748 
     330   0.93197286    1.3972767    0.3622373 
     331   0.93360081    1.3997174   0.35854482 
     332   0.93624815    1.4036865   0.35346724 
     333   0.93908574    1.4079408   0.34743493 
     334   0.94136658    1.4113604   0.34232735 
     335   0.94227228    1.4127183   0.33973702 
     336   0.94218335     1.412585   0.33850633 
     337   0.94191909    1.4121888   0.33779002 
     338   0.94107679    1.4109259   0.33847377 
     339   0.93880882    1.4075256   0.34064221 
     340   0.93510728     1.401976   0.34407984 
     341   0.93116682    1.3960682   0.34907162 
     342   0.92747392    1.3905316   0.35343591 
     343   0.92412816    1.3855154   0.35691307 
     344    0.9216583    1.3818124   0.35913996 
     345   0.92098264    1.3807994   0.35922354 
     346   0.92260483    1.3832315   0.35555846 
     347   0.92515331    1.3870524   0.35005637 
     348   0.92844258    1.3919839   0.34389577 
     349   0.93202155    1.3973497   0.33665458 
     350   0.93342926    1.3994602   0.33303089 
     351   0.93200956    1.3973317   0.33325494 
     352   0.92798519    1.3912981   0.33820936 
     353   0.92327175    1.3842314   0.34375712 
     354    0.9194014    1.3784287   0.34850261 
     355    0.9160954    1.3734721   0.35310639 
     356   0.91393559     1.370234   0.35593041 
     357   0.91386848    1.3701334   0.35383822 
     358   0.91617704    1.3735945   0.34902797 
     359   0.91961009    1.3787416   0.34284935 
     360   0.92315235    1.3840524   0.33551655 
     361   0.92618524    1.3885995   0.33072742 
     362   0.92641502     1.388944   0.32880403 
     363   0.92455068    1.3861489    0.3294143 
     364    0.9230787     1.383942    0.3302271 
     365   0.92183138    1.3820719   0.33075128 
     366   0.92030922    1.3797898   0.33180331 
     367    0.9192955    1.3782699   0.33140467 
     368   0.91882773    1.3775686   0.33137058 
     369   0.91794262    1.3762416   0.33240063 
     370   0.91776803    1.3759799   0.33104365 
     371   0.91738742    1.3754092   0.33004942 
     372   0.91559924    1.3727283   0.33126136 
     373   0.91295771    1.3687679   0.33464474 
     374   0.90972469    1.3639207   0.33821903 
     375   0.90690084     1.359687   0.34164234 
     376   0.90562427    1.3577731    0.3430266 
     377    0.9048802    1.3566575   0.34386616 
     378   0.90446513    1.3560352    0.3432535 
     379   0.90513822    1.3570444   0.34069666 
     380    0.9066986    1.3593838   0.33649807 
     381   0.90892443    1.3627209   0.33215122 
     382   0.91036553    1.3648815   0.32913337 
     383   0.91030101    1.3647848   0.32900438 
     384   0.90946638    1.3635335   0.32937277 
     385   0.90863068    1.3622805   0.32929476 
     386     0.908726    1.3624234   0.32882943 
     387   0.90941442    1.3634556   0.32701572 
     388   0.90984841    1.3641062   0.32545743 
     389   0.90966531    1.3638317   0.32478153 
     390   0.90853252    1.3621334   0.32508296 
     391   0.90684489    1.3596031   0.32599911 
     392   0.90429544    1.3557808   0.32925394 
     393   0.90043611    1.3499947   0.33470285 
     394   0.89550256     1.342598   0.34159522 
     395   0.89089755    1.3356938   0.34805104 
     396   0.88857015    1.3322044   0.35097134 
     397    0.8886197    1.3322787   0.35067572 
     398   0.88993652     1.334253   0.34872246 
     399   0.89133082    1.3363434   0.34590797 
     400   0.89111939    1.3360264   0.34439638 
     401   0.88938374    1.3334242   0.34628725 
     402   0.88673477    1.3294527   0.34993605 
     403   0.88341264    1.3244719   0.35472366 
     404   0.87994145    1.3192677   0.35984461 
     405   0.87745878    1.3155455   0.36345093 
     406   0.87771571    1.3159307   0.36266257 
     407   0.88064359    1.3203204   0.35784457 
     408   0.88493289    1.3267512   0.35030284 
     409   0.88919942    1.3331479   0.34367078 
     410   0.89181815     1.337074   0.33911094 
     411   0.89279989    1.3385459   0.33751458 
     412   0.89259348    1.3382365   0.33692961 
     413   0.89122469    1.3361843   0.33842641 
     414   0.88983629    1.3341027   0.34004213 
     415   0.88947795    1.3335655   0.33972543 
     416   0.89110698    1.3360078   0.33662377 
     417   0.89402061    1.3403761   0.33152379 
     418   0.89812217    1.3465254   0.32485511 
     419    0.9031771    1.3541041    0.3166669 
     420   0.90724211    1.3601987   0.31002579 
     421    0.9088646    1.3626312   0.30676448 
     422   0.90828557    1.3617631   0.30657179 
     423   0.90605915    1.3584251   0.30940839 
     424   0.90231962    1.3528186    0.3157163 
     425   0.89875876    1.3474799   0.32063356 
     426   0.89545211    1.3425223   0.32460267 
     427   0.89220179    1.3376492   0.32920418 
     428    0.8896477    1.3338199   0.33186152 
     429   0.88804535    1.3314176   0.33337219 
     430   0.88704106    1.3299119   0.33378267 
     431   0.88565771    1.3278379   0.33593456 
     432   0.88402501      1.32539   0.33764005 
     433   0.88202522    1.3223918   0.34015609 
     434   0.87950468    1.3186128   0.34280993 
     435   0.87750235    1.3156108   0.34499718 
     436   0.87672055    1.3144387   0.34495067 
     437   0.87769528    1.3159001   0.34298392 
     438    0.8803828    1.3199294   0.33812819 
     439   0.88432862    1.3258452   0.33109294 
     440   0.88837633    1.3319138   0.32463191 
     441   0.89101292    1.3358668   0.32069184 
     442   0.89187367    1.3371573   0.31858181 
     443   0.88947176    1.3335562   0.32185833 
     444   0.88498891    1.3268352    0.3277463 
     445   0.88005957    1.3194448   0.33458464 
     446   0.87430353    1.3108149   0.34202957 
     447   0.86988039    1.3041835   0.34844282 
     448   0.86876711    1.3025144   0.35037117 
     449   0.86990981    1.3042276   0.34846578 
     450   0.87271828    1.3084382   0.34434548 
     451   0.87649323    1.3140979   0.33890208 
     452   0.88063114    1.3203017   0.33238304 
     453   0.88337218    1.3244113   0.32821827 
     454   0.88439206    1.3259403    0.3254975 
     455   0.88444596    1.3260211   0.32435034 
     456   0.88349943    1.3246021   0.32495808 
     457    0.8825986    1.3232515   0.32644825 
     458   0.88166531    1.3218522   0.32785287 
     459    0.8804998    1.3201048   0.32896956 
     460    0.8798189     1.319084   0.32846336 
     461   0.88041497    1.3199776   0.32721674 
     462    0.8809768      1.32082   0.32565741 
     463   0.88086714    1.3206555   0.32635162 
     464    0.8799049    1.3192129   0.32839116 
     465   0.87786448    1.3161538   0.33105738 
     466   0.87498597    1.3118381    0.3357151 
     467   0.87281055    1.3085766   0.33874589 
     468   0.87257374    1.3082215   0.33861427 
     469   0.87379357    1.3100504   0.33669565 
     470   0.87626335    1.3137532   0.33236695 
     471   0.87950369    1.3186114   0.32688916 
     472   0.88290655    1.3237132    0.3215858 
     473   0.88601206    1.3283692    0.3171324 
     474   0.88796238    1.3312932   0.31380206 
     475   0.88871384    1.3324198   0.31246927 
     476   0.88977717    1.3340141   0.31059956 
     477   0.89108532    1.3359753   0.30850051 
     478   0.89250645     1.338106   0.30629826 
     479   0.89370199    1.3398984   0.30414505 
     480   0.89368737    1.3398765   0.30398405 
     481   0.89158495    1.3367244   0.30717628 
     482    0.8873561    1.3303842   0.31320413 
     483   0.88138701     1.321435   0.32314614 
     484   0.87473034    1.3114548    0.3327636 
     485   0.86945877    1.3035513   0.34102464 
     486   0.86554346    1.2976812   0.34717121 
     487   0.86338488     1.294445   0.34999281 
     488   0.86344535    1.2945356     0.349254 
     489   0.86597873    1.2983338   0.34527991 
     490   0.87025573    1.3047462   0.33854792 
     491   0.87448125    1.3110814   0.33270886 
     492   0.87789708    1.3162026   0.32804619 
     493   0.88016053    1.3195961   0.32445187 
     494    0.8818447    1.3221212   0.32186264 
     495   0.88420831    1.3256648   0.31774546 
     496   0.88605121    1.3284279    0.3150077 
     497   0.88721584    1.3301739   0.31286689 
     498    0.8881299    1.3315444   0.31071607 
     499   0.88740135    1.3304521   0.31152355 
     500   0.88478813    1.3265342   0.31504159 
     501   0.88075598    1.3204889    0.3214412 
     502    0.8762028    1.3136624   0.32818458 
     503   0.87202361    1.3073967   0.33377201 
     504   0.86880552     1.302572   0.33875944 
     505   0.86764665    1.3008345   0.34114164 
     506   0.86807977    1.3014839   0.34061781 
     507   0.87021214    1.3046809   0.33767004 
     508   0.87326391    1.3092563   0.33223405 
     509   0.87542273    1.3124929   0.32843709 
     510   0.87662898    1.3143014   0.32629442 
     511   0.87736327    1.3154023    0.3253083 
     512   0.87873961    1.3174658   0.32330278 
     513   0.88181353    1.3220744   0.31911641 
     514   0.88539255    1.3274403   0.31413249 
     515   0.88837717    1.3319151    0.3094509 
     516   0.88967344    1.3338585   0.30711421 
     517   0.88951274    1.3336176   0.30834168 
     518   0.88759916    1.3307486   0.31143713 
     519   0.88400705    1.3253631   0.31724991 
     520    0.8803522    1.3198835    0.3232808 
     521   0.87728437     1.315284   0.32758133 
     522   0.87543572    1.3125124    0.3304316 
     523   0.87469539    1.3114024   0.33136398 
     524   0.87506593     1.311958   0.33076407 
     525   0.87686643    1.3146574   0.32873256 
     526   0.88018332    1.3196303    0.3237075 
     527   0.88361526    1.3247757   0.31821225 
     528   0.88584919     1.328125   0.31542335 
     529   0.88680892    1.3295639    0.3133935 
     530   0.88619337     1.328641   0.31438243 
     531   0.88415211    1.3255806   0.31837706 
     532   0.88150425    1.3216107   0.32252312 
     533   0.87851608    1.3171307     0.327225 
     534   0.87605103    1.3134349   0.33106163 
     535   0.87429293     1.310799   0.33375216 
     536   0.87185578    1.3071451   0.33857572 
     537   0.86838518    1.3019417   0.34493078 
     538   0.86508841     1.296999     0.350089 
     539   0.86326452    1.2942645   0.35283709 
     540   0.86281384    1.2935888   0.35421199 
     541   0.86372912    1.2949611    0.3535154 
     542   0.86590359    1.2982212   0.35072641 
     543   0.86941408    1.3034843   0.34583726 
     544   0.87517687    1.3121243   0.33853438 
     545   0.88094663    1.3207747   0.32928902 
     546   0.88479492    1.3265443   0.32374104 
     547    0.8871509    1.3300766   0.32096584 
     548   0.88823779    1.3317061   0.31903456 
     549   0.88752833    1.3306425   0.32104173 
     550   0.88523643    1.3272063    0.3247692 
     551   0.88358031    1.3247233   0.32686307 
     552    0.8837377    1.3249593   0.32706171 
     553   0.88492251    1.3267356   0.32596041 
     554   0.88640828    1.3289632   0.32472796 
     555   0.88835144    1.3318765   0.32277057 
     556   0.89010507    1.3345057   0.32084201 
     557   0.89116839    1.3360999   0.31955426 
     558   0.89168265    1.3368709   0.31994441 
     559   0.89162104    1.3367785   0.32065361 
     560   0.89112909     1.336041   0.32215161 
     561   0.89126335    1.3362422   0.32197349 
     562    0.8925617    1.3381888   0.32122407 
     563   0.89380458    1.3400522    0.3196629 
     564   0.89438024    1.3409153   0.31867306 
     565    0.8952139    1.3421652   0.31818285 
     566   0.89639609    1.3439376   0.31768027 
     567   0.89781819    1.3460697    0.3158841 
     568   0.89933472    1.3483434   0.31440255 
     569   0.90026152    1.3497329   0.31348277 
     570   0.90084429    1.3506066   0.31331816 
     571    0.9017304    1.3519352   0.31207771 
     572   0.90246133     1.353031   0.31105983 
     573   0.90348016    1.3545585   0.31041476 
     574   0.90453925    1.3561464   0.30957882 
     575      0.90495    1.3567622    0.3101133 
     576    0.9045359    1.3561413   0.31118637 
     577   0.90366989     1.354843   0.31330728 
     578   0.90254247    1.3531527    0.3159287 
     579   0.90066545    1.3503385   0.31871815 
     580   0.89842853    1.3469848   0.32280777 
     581   0.89602237    1.3433773   0.32666579 
     582   0.89381255    1.3400642   0.33075458 
     583   0.89286747    1.3386472   0.33267553 
     584   0.89423357    1.3406954   0.33042083 
     585   0.89651159    1.3441108   0.32734121 
     586   0.89809035    1.3464777   0.32538669 
     587    0.8992494    1.3482155   0.32331497 
     588   0.90014993    1.3495656   0.32255796 
     589   0.90027223     1.349749   0.32310854 
     590    0.8986524    1.3473204   0.32711579 
     591   0.89509538    1.3419875   0.33292332 
     592   0.89035196    1.3348758   0.34133948 
     593   0.88607638    1.3284656   0.34803654 
     594    0.8839065    1.3252124   0.35250788 
     595   0.88346564    1.3245514   0.35423313 
     596   0.88393819    1.3252599   0.35366592 
     597   0.88557413    1.3277126   0.35140199 
     598   0.88851879    1.3321274   0.34755573 
     599   0.89143395     1.336498   0.34333943 
     600   0.89453419    1.3411461   0.33933386 
     601   0.89846403     1.347038    0.3336094 
     602   0.90177611    1.3520037   0.32959149 
     603   0.90468746    1.3563686    0.3263181 
     604   0.90771465    1.3609071   0.32269221 
     605   0.91016897    1.3645868   0.32003748 
     606    0.9120358    1.3673857   0.31725798 
     607     0.913617    1.3697564   0.31605863 
     608   0.91449302    1.3710697   0.31586963 
     609   0.91440637    1.3709398   0.31641689 
     610   0.91309458    1.3689731   0.31888708 
     611   0.91143136    1.3664795    0.3228516 
     612   0.91104358    1.3658981   0.32319563 
     613   0.91088972    1.3656674   0.32464019 
     614   0.91009279    1.3644726   0.32698301 
     615    0.9094887    1.3635669   0.32866485 
     616   0.90837182    1.3618924   0.33128511 
     617   0.90687845    1.3596535   0.33433827 
     618   0.90649414    1.3590773   0.33585719 
     619   0.90788714    1.3611658   0.33431059 
     620   0.91000189    1.3643363    0.3310761 
     621   0.91255923    1.3681705   0.32730864 
     622   0.91471654    1.3714048   0.32542407 
     623   0.91486333    1.3716249   0.32624749 
     624   0.91252007    1.3681118   0.33078152 
     625   0.90872774     1.362426   0.33697842 
     626   0.90578649    1.3580163   0.34178224 
     627   0.90388359    1.3551634   0.34556661 
     628   0.90242583    1.3529778   0.34855156 
     629   0.90219023    1.3526246   0.34995232 
     630   0.90395276    1.3552671   0.34761529 
     631   0.90705695    1.3599211   0.34303801 
     632   0.90983689     1.364089   0.33970655 
     633    0.9116217    1.3667649   0.33734847 
     634   0.91339095    1.3694174   0.33546754 
     635   0.91424574     1.370699   0.33525663 
     636   0.91342003     1.369461   0.33766676 
     637   0.91313478    1.3690334   0.33928772 
     638   0.91408948    1.3704647   0.33843466 
     639   0.91609288    1.3734684    0.3366897 
     640   0.91909051    1.3779626   0.33282681 
     641   0.92287826    1.3836415   0.32809448 
     642   0.92708479    1.3899482   0.32315384 
     643   0.93100182    1.3958208   0.31899147 
     644   0.93374945    1.3999403   0.31530839 
     645   0.93528626    1.4022444   0.31341532 
     646   0.93568663    1.4028446   0.31419787 
     647   0.93429927    1.4007646   0.31617357 
     648    0.9316772    1.3968334   0.32153663 
     649    0.9294205      1.39345   0.32637135 
     650   0.92677534    1.3894842   0.33146323 
     651   0.92431897    1.3858015   0.33606676 
     652   0.92340916    1.3844374   0.33894494 
     653    0.9244093    1.3859369   0.33839321 
     654   0.92611166    1.3884892   0.33673096 
     655   0.92760233    1.3907241   0.33523613 
     656   0.92898227     1.392793   0.33441469 
     657   0.93044699     1.394989   0.33326528 
     658    0.9307891    1.3955019   0.33359477 
     659   0.93017329    1.3945787   0.33498334 
     660   0.92932894    1.3933127    0.3376048 
     661   0.92798466    1.3912973    0.3404929 
     662   0.92700349    1.3898263    0.3424059 
     663   0.92637049    1.3888772   0.34446231 
     664   0.92597502    1.3882843   0.34598906 
     665    0.9256166     1.387747   0.34832607 
     666   0.92535165    1.3873497   0.35056849 
     667   0.92575756    1.3879583   0.35174357 
     668   0.92675248      1.38945   0.35198497 
     669   0.92721803    1.3901479   0.35254363 
     670   0.92693235    1.3897196   0.35398856 
     671     0.926097    1.3884672   0.35695325 
     672   0.92539015    1.3874074   0.35917225 
     673   0.92669186    1.3893591   0.35826758 
     674   0.93011788    1.3944956   0.35472562 
     675   0.93461065    1.4012314   0.34951692 
     676   0.93936233    1.4083555   0.34369603 
     677   0.94317264    1.4140682   0.33977636 
     678   0.94605895    1.4183955   0.33584419 
     679   0.94834053    1.4218162   0.33321979 
     680   0.94901618    1.4228292   0.33335421 
     681    0.9471002    1.4199566   0.33778271 
     682   0.94316629    1.4140586    0.3450173 
     683   0.93846686    1.4070129    0.3538296 
     684    0.9337718    1.3999738   0.36171288 
     685   0.93018761    1.3946001   0.36838486 
     686   0.92858971    1.3922044   0.37212447 
     687   0.92831988    1.3917999   0.37333759 
     688   0.92879851    1.3925175   0.37368436 
     689   0.92974903    1.3939426   0.37449836 
     690   0.93115455    1.3960498   0.37361614 
     691   0.93294156     1.398729   0.37251624 
     692   0.93461149    1.4012327   0.37071604 
     693   0.93635939    1.4038533   0.37002857 
     694   0.93830042    1.4067634   0.36858191 
     695   0.94033709    1.4098169   0.36722928 
     696   0.94333037    1.4143046   0.36406876 
     697   0.94679166     1.419494    0.3601824 
     698    0.9489959    1.4227988   0.35847577 
     699   0.94994198    1.4242172   0.35920207 
     700   0.94987778     1.424121   0.35982514 
     701   0.94949732    1.4235505   0.36227312 
     702   0.94991482    1.4241765   0.36255389 
     703   0.95183189    1.4270507    0.3606812 
     704    0.9547309    1.4313971    0.3574845 
     705   0.95784878    1.4360716   0.35412739 
     706   0.96152212    1.4415789   0.34992717 
     707   0.96426203    1.4456868   0.34803349 
     708   0.96443781    1.4459503   0.34969198 
     709    0.9629545    1.4437265   0.35299124 
     710   0.96079636    1.4404908     0.357188 
     711   0.95863786    1.4372547   0.36202006 
     712   0.95671154    1.4343666   0.36604092 
     713   0.95519914    1.4320991   0.36925011 
     714   0.95516199    1.4320434   0.37028185 
     715   0.95601104    1.4333164   0.37037853 
     716   0.95745088    1.4354751   0.36923381 
     717   0.95941691    1.4384227   0.36745181 
     718   0.96187983    1.4421152   0.36552633 
     719   0.96502208    1.4468263   0.36170651 
     720   0.96792194     1.451174   0.35812213 
     721   0.97007343    1.4543996   0.35651935 
     722   0.97109483     1.455931   0.35642837 
     723   0.97129596    1.4562325   0.35785778 
     724   0.97102258    1.4558227   0.35996377 
     725   0.97066061      1.45528    0.3624481 
     726   0.97056525     1.455137    0.3645761 
     727   0.97060985    1.4552039   0.36660002 
     728   0.97104733    1.4558598   0.36680056 
     729   0.97166531    1.4567863   0.36767702 
     730   0.97180143    1.4569904   0.36823412 
     731   0.97055211    1.4551173   0.37193251 
     732   0.96773815    1.4508984   0.37854571 
     733   0.96338132    1.4443664   0.38618888 
     734   0.95881073    1.4375138   0.39482524 
     735   0.95623986    1.4336594   0.39993574 
     736   0.95651897    1.4340779   0.40087807 
     737   0.95938393    1.4383732   0.39784387 
     738   0.96336306     1.444339   0.39392957 
     739   0.96796854    1.4512439   0.38840428 
     740   0.97252135    1.4580697   0.38254553 
     741   0.97712584    1.4649731   0.37741302 
     742   0.98159984    1.4716808   0.37185798 
     743   0.98453774    1.4760855   0.36948126 
     744   0.98552657     1.477568   0.36992081 
     745   0.98433488    1.4757814   0.37282796 
     746   0.98130367    1.4712368   0.37886398 
     747    0.9778109    1.4660002   0.38551661 
     748   0.97466736    1.4612872   0.39130357 
     749   0.97259859    1.4581855   0.39616783 
     750    0.9736329    1.4597362   0.39595094 
     751   0.97669308    1.4643243   0.39224049 
     752   0.98002993    1.4693271   0.38806338 
     753   0.98353148    1.4745769   0.38334911 
     754   0.98676968    1.4794318   0.37994773 
     755   0.98801168    1.4812939   0.37948938 
     756   0.98712904    1.4799706   0.38302565 
     757   0.98585318    1.4780577   0.38645427 
     758   0.98371674    1.4748546    0.3917275 
     759   0.98039353    1.4698722    0.3979166 
     760   0.97685252    1.4645633   0.40405705 
     761   0.97464384    1.4612519   0.40910969 
     762   0.97503474     1.461838    0.4104073 
     763   0.97749712    1.4655297   0.40890901 
     764   0.98131018    1.4712465   0.40445533 
     765   0.98689681    1.4796224   0.39650124 
     766   0.99369815    1.4898194   0.38782002 
     767   0.99971655    1.4988426   0.37939369 
     768    1.0026754    1.5032787   0.37642747 
     769    1.0034837    1.5044906   0.37744032 
     770    1.0037273    1.5048557   0.37870015 
     771    1.0033717    1.5043227   0.38082665 
     772    1.0028225    1.5034992    0.3829186 
     773    1.0015642    1.5016127   0.38725586 
     774   0.99905962    1.4978577   0.39249199 
     775   0.99735091    1.4952959   0.39688285 
     776   0.99726518    1.4951674   0.39838854 
     777   0.99942192    1.4984009   0.39641529 
     778    1.0021627      1.50251    0.3937921 
     779    1.0033267    1.5042552    0.3930723 
     780    1.0036117    1.5046824   0.39454354 
     781    1.0033801    1.5043352   0.39670948 
     782    1.0019939    1.5022569   0.40068321 
     783    1.0009586    1.5007048   0.40372044 
     784    1.0014757    1.5014801   0.40493824 
     785    1.0038381    1.5050219   0.40334268 
     786    1.0077619    1.5109047   0.39886227 
     787    1.0113652     1.516307   0.39448586 
     788    1.0141248    1.5204445   0.39173595 
     789    1.0149337    1.5216573   0.39223063 
     790    1.0144465    1.5209268    0.3940807 
     791    1.0138125    1.5199763   0.39605889 
     792      1.01301     1.518773   0.39939616 
     793    1.0127786    1.5184261   0.40070517 
     794    1.0143901    1.5208422   0.39939225 
     795    1.0174584    1.5254424   0.39464159 
     796    1.0205822    1.5301259   0.39189195 
     797    1.0238025    1.5349538   0.38820011 
     798    1.0278623    1.5410407   0.38325065 
     799    1.0327733    1.5484036    0.3775589 
     800    1.0378295    1.5559842   0.37096708 
     801    1.0418856    1.5620653   0.36632436 
     802    1.0438125    1.5649542   0.36468779 
     803    1.0426482    1.5632086   0.36858793 
     804    1.0389728    1.5576982   0.37566066 
     805    1.0340642    1.5503389   0.38540867 
     806    1.0295409    1.5435573   0.39444562 
     807    1.0263824    1.5388218   0.40136239 
     808    1.0247548    1.5363817   0.40551812 
     809    1.0249132    1.5366191   0.40645784 
     810    1.0270519    1.5398257   0.40485154 
     811    1.0291671    1.5429968   0.40309587 
     812     1.030104    1.5444015   0.40337566 
     813    1.0303221    1.5447286   0.40482765 
     814    1.0304735    1.5449555   0.40612204 
     815    1.0317477    1.5468659   0.40515262 
     816    1.0339676    1.5501941   0.40372107 
     817    1.0359479    1.5531631   0.40257113 
     818    1.0383333    1.5567395   0.40032019 
     819    1.0408849     1.560565   0.39817596 
     820    1.0430165    1.5637608   0.39631741 
     821    1.0450128    1.5667537    0.3946776 
     822    1.0475272    1.5705236    0.3915235 
     823     1.049884    1.5740571   0.38933892 
     824    1.0518034    1.5769347   0.38797516 
     825    1.0530601    1.5788189   0.38812906 
     826    1.0537777    1.5798947   0.38855056 
     827    1.0530376    1.5787851   0.39056383 
     828    1.0495502    1.5735567   0.39862233 
     829    1.0457553     1.567867   0.40592078 
     830    1.0424629    1.5629308   0.41261382 
     831    1.0387427    1.5573532   0.42045664 
     832    1.0363865    1.5538206   0.42466015 
     833    1.0361946    1.5535329   0.42628389 
     834    1.0366579    1.5542276   0.42802506 
     835    1.0371046    1.5548972   0.42908991 
     836    1.0367782     1.554408   0.43114388 
     837    1.0355987    1.5526396    0.4345203 
     838    1.0342155    1.5505658   0.43876546 
     839    1.0336245    1.5496797   0.44079871 
     840    1.0339107    1.5501087   0.44236161 
     841    1.0357883    1.5529238   0.44086048 
     842    1.0399447    1.5591554    0.4363784 
     843    1.0450413    1.5667965   0.43016111 
     844    1.0501954    1.5745239   0.42439549 
     845    1.0558062     1.582936   0.41713777 
     846    1.0611814    1.5909948   0.41003721 
     847    1.0659546    1.5981512   0.40322025 
     848    1.0701637    1.6044617   0.39877559 
     849    1.0727207    1.6082954   0.39613255 
     850    1.0732288    1.6090571   0.39606282 
     851    1.0720138    1.6072356   0.39888125 
     852    1.0693366    1.6032217   0.40431762 
     853    1.0654866    1.5974495    0.4114332 
     854    1.0616938    1.5917632   0.41834615 
     855    1.0592166     1.588049   0.42315943 
     856    1.0588717    1.5875321   0.42450615 
     857    1.0604679    1.5899252   0.42298323 
     858    1.0619577    1.5921587   0.42170899 
     859    1.0620917    1.5923596   0.42266243 
     860    1.0608764    1.5905376   0.42601306 
     861    1.0591463    1.5879437   0.43016097 
     862    1.0584631    1.5869195   0.43277917 
     863    1.0595434    1.5885391   0.43236807 
     864    1.0628413    1.5934835   0.42861564 
     865    1.0681617    1.6014601   0.42150107 
     866    1.0748081    1.6114249   0.41313515 
     867     1.080727     1.620299   0.40562115 
     868     1.084278    1.6256229   0.40163842 
     869    1.0853164    1.6271797   0.40169518 
     870    1.0840598    1.6252958   0.40431822 
     871    1.0808206    1.6204392   0.41064639 
     872    1.0776722     1.615719   0.41704214 
     873     1.075777    1.6128776   0.42092039 
     874    1.0751529    1.6119419   0.42402702 
     875      1.07724    1.6150711   0.42175047 
     876    1.0803868    1.6197889   0.41879208 
     877    1.0829505    1.6236326   0.41571961 
     878    1.0848679    1.6265072   0.41435149 
     879    1.0850787    1.6268233   0.41428382 
     880    1.0829614    1.6236489   0.41890153 
     881    1.0790081    1.6177219   0.42544666 
     882    1.0745878    1.6110947   0.43256739 
     883    1.0712786    1.6061333   0.43844263 
     884    1.0709505    1.6056414   0.43965295 
     885    1.0738032    1.6099183    0.4364755 
     886    1.0775472    1.6155316   0.43191642 
     887    1.0820018    1.6222102   0.42665834 
     888    1.0872661    1.6301028   0.41956781 
     889    1.0921116    1.6373675    0.4134937 
     890    1.0955447    1.6425146   0.40952117 
     891     1.097425    1.6453337   0.40845455 
     892    1.0977881    1.6458782   0.40911753 
     893    1.0976868    1.6457262    0.4098534 
     894    1.0978099    1.6459109   0.41021465 
     895    1.0987962    1.6473895   0.40996143 
     896    1.0997674    1.6488456   0.41032021 
     897    1.1003621    1.6497371   0.41149529 
     898    1.1006241    1.6501301   0.41199475 
     899    1.1001206    1.6493751   0.41390204 
     900    1.0989108    1.6475614   0.41621329 
     901     1.096479    1.6439155   0.41996364 
     902    1.0940055     1.640207   0.42536082 
     903    1.0917034    1.6367555   0.42974828 
     904    1.0894219    1.6333349   0.43429576 
     905    1.0873944    1.6302951   0.43861845 
     906    1.0850539    1.6267861    0.4437955 
     907    1.0821567    1.6224424   0.44900797 
     908    1.0794843    1.6184358   0.45479654 
     909    1.0784979    1.6169569   0.45800122 
     910    1.0788675    1.6175111      0.45829 
     911      1.08044    1.6198686     0.457121 
     912    1.0842173    1.6255318   0.45258717 
     913    1.0889878    1.6326841   0.44640992 
     914    1.0929107    1.6385656   0.44134609 
     915    1.0954674    1.6423988   0.43720358 
     916    1.0969731    1.6446562    0.4364735 
     917     1.097103     1.644851   0.43729666 
     918    1.0955061    1.6424567    0.4407069 
     919    1.0939173    1.6400747   0.44485872 
     920    1.0934121    1.6393174   0.44782114 
     921    1.0946017    1.6411008   0.44736894 
     922    1.0989261    1.6475842   0.44173409 
     923     1.105897    1.6580355   0.43225796 
     924    1.1129764    1.6686494   0.42242318 
     925    1.1179422    1.6760945   0.41583855 
     926    1.1192084    1.6779929   0.41466778 
     927    1.1175719    1.6755393   0.41901299 
     928    1.1136366    1.6696393   0.42540108 
     929    1.1067502    1.6593147   0.43722293 
     930    1.0988391    1.6474539   0.45063985 
     931    1.0934842    1.6394253   0.45962224 
     932    1.0916792    1.6367193   0.46315725 
     933     1.092862    1.6384926   0.46210798 
     934    1.0947931    1.6413878   0.46047826 
     935    1.0950874     1.641829   0.46146954 
     936    1.0952729    1.6421071   0.46095613 
     937    1.0962062    1.6435064   0.46028917 
     938     1.097306    1.6451553   0.46003841 
     939     1.098333     1.646695   0.45969367 
     940    1.0994336    1.6483451    0.4589938 
     941    1.1013508    1.6512196   0.45749234 
     942    1.1043826     1.655765   0.45446519 
     943    1.1080476    1.6612598   0.44923289 
     944    1.1118339    1.6669365    0.4433465 
     945    1.1156696    1.6726873   0.43900162 
     946    1.1190276    1.6777219   0.43514203 
     947    1.1210277    1.6807204   0.43273864 
     948    1.1207704    1.6803347   0.43378332 
     949    1.1192091    1.6779939   0.43614954 
     950    1.1169464    1.6746015   0.43911481 
     951    1.1135753    1.6695473   0.44512383 
     952    1.1106346    1.6651385   0.44990154 
     953    1.1090953    1.6628306   0.45217261 
     954    1.1096031    1.6635919   0.45238945 
     955    1.1114273    1.6663269   0.45014737 
     956    1.1122434    1.6675505   0.44914146 
     957    1.1126687    1.6681881   0.44863438 
     958     1.113337      1.66919   0.44847545 
     959    1.1132488    1.6690578   0.44917092 
     960     1.111845    1.6669531   0.45174616 
     961    1.1100315    1.6642342   0.45452792 
     962    1.1077265    1.6607784   0.45859816 
     963    1.1059873    1.6581709    0.4613515 
     964    1.1062613    1.6585818   0.46278497 
     965     1.108657    1.6621735   0.45960029 
     966    1.1131308    1.6688809   0.45311428 
     967    1.1188448    1.6774478   0.44578918 
     968    1.1245437    1.6859919   0.43741617 
     969    1.1291711    1.6929296   0.43073272 
     970    1.1322554    1.6975538   0.42729378 
     971    1.1326808    1.6981916   0.42711545 
     972    1.1310442    1.6957379   0.43013109 
     973    1.1286174    1.6920994   0.43495599 
     974    1.1260953    1.6883181   0.43945073 
     975    1.1247663    1.6863257   0.44282869 
     976    1.1242307    1.6855226   0.44413601 
     977    1.1237615    1.6848191   0.44478591 
     978    1.1230425    1.6837413   0.44643912 
     979    1.1227161    1.6832519   0.44773612 
     980     1.123537    1.6844826   0.44732047 
     981    1.1259253    1.6880633   0.44422366 
     982    1.1285949    1.6920658   0.44061904 
     983    1.1314911    1.6964079   0.43703729 
     984    1.1346985    1.7012166   0.43350238 
     985    1.1372995    1.7051163   0.43069727 
     986    1.1380488    1.7062397   0.42946803 
     987    1.1377745    1.7058285   0.43032674 
     988    1.1372196    1.7049964   0.43199687 
     989    1.1352975    1.7021147     0.435729 
     990    1.1323445    1.6976874   0.44074958 
     991    1.1284686    1.6918763   0.44744985 
     992     1.123536    1.6844811   0.45579737 
     993    1.1185507    1.6770068   0.46353409 
     994    1.1144589    1.6708721   0.46996632 
     995    1.1119831    1.6671603   0.47306676 
     996    1.1122337    1.6675359   0.47238069 
     997    1.1135952    1.6695772   0.47018163 
     998    1.1142942    1.6706251   0.46925806 
     999    1.1154457    1.6723515    0.4671758 
    1000    1.1188787    1.6774986   0.46154465 
